32.3621 -10.1275 -0.784274 12.0219 2.61439 3.34612 3.01447 0.875381 1
34.0988 -19.0575 -0.890709 4.56151 1.7891 1.62151 0.0726832 0.750339 0
26.524 -19.364 -1.08028 4.7719 1.85058 1.58133 0.162053 0.730138 0
36.8825 7.26658 -0.600503 5.03781 2.02744 1.70583 -2.38619 0.635661 0
27.0432 0.780737 -0.527139 0.990865 0.814601 1.70998 -0.0651926 0.63525 4
55.3737 -9.14847 0.0976948 11.4613 2.76832 2.66737 -0.315891 0.620777 1
27.7047 -5.26522 -0.884153 4.94405 1.94124 1.73075 3.07053 0.577541 0
13.1809 9.47915 -0.811946 4.34189 1.7337 1.82806 2.91579 0.565482 0
41.2602 -19.252 -0.248775 4.42057 1.80429 1.55223 -0.0788522 0.561233 0
37.6537 1.13341 -0.665791 5.16252 2.04067 1.72986 -2.35754 0.557957 0
39.4909 -3.92202 -0.405375 4.75897 1.90016 1.68359 2.63841 0.52473 0
87.8111 -21.175 1.49298 5.73222 2.36656 1.99689 -0.0792726 0.504511 3
5.2889 8.05184 -0.991478 1.83691 0.802822 1.54823 0.278291 0.472987 5
48.97 -21.8675 0.690809 4.83859 1.99742 2.0819 2.94216 0.310906 0
73.4584 -38.8254 1.38139 4.82379 1.98325 1.6203 2.40484 0.296165 0
29.184 -22.2777 -0.0354256 3.59857 1.47174 1.46313 -0.223275 0.272653 0
33.3462 -28.357 -1.02965 0.822444 0.825001 1.61213 -0.85131 0.255827 4
61.1391 -2.55741 1.15104 0.798649 0.662442 1.14955 0.0148555 0.244197 4
44.1031 1.6428 0.956072 0.835314 0.562235 1.55004 0.260156 0.238329 4
68.061 -14.5295 0.868799 4.36129 1.91642 1.51333 -2.76027 0.23535 0
43.2344 -32.2784 0.118188 9.2525 2.79437 3.149 -0.548919 0.198836 1
44.5748 6.05829 0.602788 0.462363 0.535837 1.75853 -3.0968 0.177024 4
36.2976 -31.806 0.0181352 1.17959 0.876567 1.53163 -1.13431 0.169389 4
7.23041 8.08881 -0.977131 2.12997 0.90022 1.57244 -0.0540251 0.166814 5
57.3796 9.36623 0.774336 5.02236 2.18642 1.76064 1.57718 0.151089 0
51.6896 -2.29701 -0.461539 4.65029 1.92512 1.69046 0.0314728 0.14499 0
70.6887 8.67287 1.33276 4.89077 2.10607 1.92144 0.247987 0.140355 3
27.0272 13.6337 0.429686 0.826355 0.572775 1.7391 2.93668 0.140002 4
78.9676 -32.2782 1.42494 5.7828 2.26747 2.21219 -0.315645 0.134746 3
71.2117 -4.00126 1.01859 0.858097 0.621648 1.28132 -0.0458855 0.127025 4
22.051 5.63248 -0.476849 1.1855 0.848861 2.01548 3.06663 0.123683 4
22.83 13.1144 0.253114 0.620981 0.682175 1.49438 0.442224 0.121859 4
61.1373 -3.94984 0.797851 1.33796 0.850676 1.49317 -0.0594752 0.114514 4
11.6407 13.7655 -0.275427 0.481042 0.534022 1.56114 1.59229 0.112898 4
58.5381 -33.4827 0.539118 10.0977 2.88097 2.95021 -2.46573 0.105391 1
